# Mass - r_halo(x,y,x) - vel_dis_halo - vel_max - spin_halo(i,j,k)#
4.782331054687500000e+03 6.311549072265625000e+02 7.531150390625000000e+03 7.167413085937500000e+03 4.089546508789062500e+02 6.310541381835937500e+02 -1.471201269531250000e+04 -1.072864550781250000e+04 -8.645461914062500000e+03
2.796143770217895508e+00 6.641121215820312500e+02 7.542606933593750000e+03 7.138928710937500000e+03 8.259918212890625000e+01 1.592601165771484375e+02 -8.406579017639160156e+00 3.425630187988281250e+01 -3.792842864990234375e+01
3.662993431091308594e+00 6.902337646484375000e+02 7.601329589843750000e+03 6.818480957031250000e+03 6.005095672607421875e+01 1.114748229980468750e+02 4.586426162719726562e+01 3.251132965087890625e+01 -1.078212814331054688e+02
2.144686579704284668e-01 4.082883300781250000e+02 7.602067382812500000e+03 6.885073242187500000e+03 2.025726699829101562e+01 4.075003433227539062e+01 -2.925930023193359375e-01 -8.384131431579589844e+00 -2.001998186111450195e+00
6.688969135284423828e+00 9.063007202148437500e+02 7.640443359375000000e+03 6.935194824218750000e+03 7.006834411621093750e+01 1.301817779541015625e+02 5.147501373291015625e+01 3.451642761230468750e+02 -1.969118347167968750e+02
5.696069717407226562e+00 6.468369750976562500e+02 6.998737304687500000e+03 7.394180175781250000e+03 5.048094940185546875e+01 9.392186737060546875e+01 1.206081085205078125e+02 -2.374090194702148438e+01 -3.119679260253906250e+01
1.506821250915527344e+01 9.939530029296875000e+02 8.200383789062500000e+03 6.837617675781250000e+03 6.669882965087890625e+01 1.338197326660156250e+02 -3.169235839843750000e+02 -1.925370635986328125e+02 1.019574279785156250e+02
1.017939472198486328e+01 4.844226074218750000e+02 7.867150390625000000e+03 6.365622070312500000e+03 5.831278610229492188e+01 1.062039108276367188e+02 4.108041000366210938e+01 -2.215630950927734375e+02 -2.773826904296875000e+02
3.864269018173217773e+00 2.816925354003906250e+02 7.482711914062500000e+03 7.506155273437500000e+03 4.044136428833007812e+01 7.118769836425781250e+01 1.004157867431640625e+02 -2.366715621948242188e+01 6.032449340820312500e+01
2.114176368713378906e+01 7.454359741210937500e+02 8.052131347656250000e+03 6.365784667968750000e+03 8.234098815917968750e+01 1.521534423828125000e+02 -2.306230354309082031e+01 -3.745689086914062500e+02 3.050155639648437500e+02
1.309798526763916016e+01 4.061435546875000000e+02 7.730199707031250000e+03 6.751741210937500000e+03 7.287022399902343750e+01 1.296612548828125000e+02 -2.441005706787109375e+02 3.154078674316406250e+02 2.819662094116210938e+01
4.167348861694335938e+00 6.385684204101562500e+02 8.112580078125000000e+03 6.252115234375000000e+03 4.584493637084960938e+01 8.164648437500000000e+01 2.279255485534667969e+01 1.530525054931640625e+02 -4.913581848144531250e+01
5.021234035491943359e+00 2.009322204589843750e+02 8.079920410156250000e+03 6.059453613281250000e+03 3.767276382446289062e+01 6.984760284423828125e+01 3.286836624145507812e+01 -3.809060974121093750e+02 -6.726502227783203125e+01
4.495714950561523438e+01 6.535339355468750000e+02 7.557187988281250000e+03 7.018204101562500000e+03 1.616317291259765625e+02 2.620056762695312500e+02 -1.747772979736328125e+02 1.804413146972656250e+02 2.785095825195312500e+02
2.893215179443359375e+01 6.282243041992187500e+02 7.222306152343750000e+03 7.523260742187500000e+03 9.631317138671875000e+01 1.692735595703125000e+02 -3.735536499023437500e+02 -3.532075805664062500e+02 7.045560913085937500e+02
2.985883712768554688e+01 5.382814331054687500e+02 8.201966796875000000e+03 6.213836914062500000e+03 7.758097839355468750e+01 1.378578948974609375e+02 -1.066231536865234375e+01 1.404961242675781250e+02 -2.745334777832031250e+02
2.204949569702148438e+01 5.350695190429687500e+02 7.149132812500000000e+03 7.463268066406250000e+03 9.411956787109375000e+01 1.638239898681640625e+02 1.992581558227539062e+01 2.282555389404296875e+02 -3.591296386718750000e+02
1.864372253417968750e+01 4.789165039062500000e+02 7.324751953125000000e+03 7.289522949218750000e+03 9.215972137451171875e+01 1.601016387939453125e+02 -2.597182846069335938e+01 -4.543360900878906250e+02 -1.187913513183593750e+02
9.763818740844726562e+00 1.083950683593750000e+03 7.610655761718750000e+03 6.916369140625000000e+03 9.435105895996093750e+01 1.561876220703125000e+02 -3.622360229492187500e+02 1.972530975341796875e+02 -1.656875305175781250e+02
5.639985561370849609e+00 5.988450317382812500e+02 7.662765136718750000e+03 7.020138671875000000e+03 8.951311492919921875e+01 1.780505371093750000e+02 6.946852874755859375e+01 6.020025634765625000e+01 3.097903633117675781e+01
5.304259300231933594e+00 5.538016357421875000e+02 7.544612792968750000e+03 7.023677734375000000e+03 8.649997711181640625e+01 1.623853759765625000e+02 -1.392092437744140625e+02 -3.442644500732421875e+01 6.535808563232421875e+00
